
Accuracy_random: 0.8839779005524862
Accuracy_xgboost: 0.8928176795580111
